tests/sample_data/Wansbeck_at_Mitford_Dem.txt
ncols	27
nrows	19
xllcorner	391000.0
yllcorner	579000.0
cellsize	1000
NODATA_value	-9999
268.5 280.25 212.75 170.75 148.75 176.75 288.25 336.25 333.25 335.25 380.75 310 288.25 276.25 208.5 157.5 130 151 116.5 119.5 115 71.75 87.75 98.25 89 80.5 59.75
246.5 277.75 215 165 246.25 273.25 334.25 394 354.5 315.75 319 306.5 252.5 230.75 195.25 161 133.75 141 134.25 153.75 118.5 128.75 110.5 135.5 100.5 89 70.75
241 216.5 254.25 208 294 340.5 377 362.5 331 290.5 291.25 276.25 248.75 205.75 171.75 184.75 207.25 192.5 182.25 162.5 115.75 131 118 119.75 99.5 88 79
240.5 217.5 209.5 195.75 276.75 341.5 326.75 325.5 304.25 300.5 287.75 246.25 227 211.25 221.25 250.5 233.75 222.25 198 150.5 131.25 151 145 125 99.75 87 102.5
210.5 198.5 171.25 191.25 248.75 278 288.75 283.25 291 282 250.5 227 186.5 189 170.5 158.25 192.75 176.75 180 162 169 160 126.5 120.5 114.75 117.5 102.25
153.5 176.25 177.75 195 219.75 264.25 309.5 293.75 274.5 260 266 269.75 265.75 247.5 192.75 173.25 150.75 136.5 154.75 156.5 159.5 154.75 139 150.25 161 143.75 106.25
163.25 190.75 217.25 261.25 281.75 300 319 298.25 276.5 257.5 240.5 239.25 253 254.75 218.75 177 157.75 130 116.25 149.5 139 120 146 188.75 167.75 128.5 102.25
243.25 266 256.5 282 286.5 305.5 281.5 265.5 245.5 230 211 201.25 207.5 202.75 200 172 142.75 124.25 104.75 106.75 122.5 99.25 145 135 121 108.75 112.75
251.75 262.25 296.75 323.75 314.5 294.5 269.75 239.25 227.75 220.75 210 193 192.75 214.75 191.25 187.75 162 141.25 120.75 98.25 87 82 101.5 98.75 111.75 118.25 119.75
230 285.5 297.75 307.25 276.25 261.25 260.5 237.5 219 201.25 185 204.25 170 207.25 157.5 158.25 169.5 160.25 142.75 139 127 104 85 100.75 111.5 108 103
245.75 284 273.5 258.5 296.25 293.5 265.75 255 225.5 204.75 188.25 169.75 161.75 168.75 169.5 154.5 141.75 138.5 136.75 139.25 129.25 115 92.5 80.5 88 82.5 69.5
152.25 190.75 226 232.75 283.5 277.75 260 238.25 228.75 209 200 176.75 167.25 153.75 143 146 133.25 123.75 149 143.25 120.75 107 101 82.5 65.5 62.75 63.25
229.25 241 230.5 276 282.25 248.75 220.75 213.5 238 208.5 205.75 197.75 157.75 134.25 116.25 131.75 131 117.75 104.5 119.5 101 89 83.5 73.25 61.75 55 62.5
276.25 305.5 256.25 266.5 253.5 217 219 201.5 173.25 173.25 165.25 159.5 148 128.75 105.5 94.75 89 88 83.25 79.25 107.75 85.5 80.75 76 70 73.5 75.5
324 299.5 284.5 258.75 238.5 213.75 204.25 209.75 191.75 177.5 150.5 135 139.5 119.5 136.25 129.5 118.25 110.5 97.5 97.75 113 100.75 102 96.5 91 108.25 107.5
286.75 270 244.75 238.25 244 242.25 233.75 220 207 167.25 156.5 171 147.5 148.75 181.75 155.75 149.25 139.5 134.25 116.5 126 119.5 111 112.25 110 105 103
286.5 280.5 250.25 241.75 240.75 229.5 237.25 211 190 189.25 199.75 175.25 161 168.5 141.25 136.5 132.25 122.75 108.5 97.25 90.5 99 107.25 101.75 92.75 109 94.25
266.25 227.25 220.5 219 229.75 220.25 228.25 212.5 211 211.75 194 177.25 189.5 162.25 143 140 140.5 115 111.25 98.5 88.25 81 74.5 77 75 85 88.25
238 220 218 212.25 209.75 197.25 223 198 209.75 204.75 190 186.25 188 185.25 160.25 145 133.75 120.25 115.5 98.5 85 83.75 77.5 69.75 59.75 67.75 72
